2 797 3 603 0 65 0
2 363 0 651 3 211 3
0 137 3 598 1 373 0
0 668 2 590 3 446 1
2 797 3 603 0 65 0
2 363 0 651 3 211 3
0 137 3 598 1 373 0
0 668 2 590 3 446 1
2 797 3 603 0 65 0
2 363 0 651 3 211 3
0 137 3 598 1 373 0
0 668 2 590 3 446 1
2 797 3 603 0 65 0
2 363 0 651 3 211 3
0 137 3 598 1 373 0
0 668 2 590 3 446 1
2 797 3 603 0 65 0
2 363 0 651 3 211 3
0 137 3 598 1 373 0
0 668 2 590 3 446 1
2 797 3 603 0 65 0
2 363 0 651 3 211 3
0 137 3 598 1 373 0
0 668 2 590 3 446 1
2 797 3 603 0 65 0
2 363 0 651 3 211 3
0 137 3 598 1 373 0
0 668 2 590 3 446 1
2 797 3 603 0 65 0
2 363 0 651 3 211 3
0 137 3 598 1 373 0
0 668 2 590 3 446 1
2 797 3 603 0 65 0
2 363 0 651 3 211 3
0 137 3 598 1 373 0
0 668 2 590 3 446 1
2 797 3 603 0 65 0
2 363 0 651 3 211 3
0 137 3 598 1 373 0
0 668 2 590 3 446 1
2 797 3 603 0 65 0
2 363 0 651 3 211 3
0 137 3 598 1 373 0
0 668 2 590 3 446 1
2 797 3 603 0 65 0
2 363 0 651 3 211 3
0 137 3 598 1 373 0
0 668 2 590 3 446 1
2 797 3 603 0 65 0
2 363 0 651 3 211 3
0 137 3 598 1 373 0
0 668 2 590 3 446 1
2 797 3 603 0 65 0
2 363 0 651 3 211 3
0 137 3 598 1 373 0
0 668 2 590 3 446 1
2 797 3 603 0 65 0
2 363 0 651 3 211 3
0 137 3 598 1 373 0
0 668 2 590 3 446 1
2 797 3 603 0 65 0
2 363 0 651 3 211 3
0 137 3 598 1 373 0
0 668 2 590 3 446 1
2 797 3 603 0 65 0
2 363 0 651 3 211 3
0 137 3 598 1 373 0
0 668 2 590 3 446 1
2 797 3 603 0 65 0
2 363 0 651 3 211 3
0 137 3 598 1 373 0
0 668 2 590 3 446 1
2 797 3 603 0 65 0
2 363 0 651 3 211 3
0 137 3 598 1 373 0
0 668 2 590 3 446 1
2 797 3 603 0 65 0
2 363 0 651 3 211 3
0 137 3 598 1 373 0
0 668 2 590 3 446 1
2 797 3 603 0 65 0
2 363 0 651 3 211 3
0 137 3 598 1 373 0
0 668 2 590 3 446 1
2 797 3 603 0 65 0
2 363 0 651 3 211 3
0 137 3 598 1 373 0
0 668 2 590 3 446 1
2 797 3 603 0 65 0
2 363 0 651 3 211 3
0 137 3 598 1 373 0
0 668 2 590 3 446 1
2 797 3 603 0 65 0
2 363 0 651 3 211 3
0 137 3 598 1 373 0
0 668 2 590 3 446 1
2 693 3 45 0 433 0
2 323 0 727 2 76 3
0 798 2 335 1 297 2
0 331 2 637 2 65 2
